36550
14693
49422
38163
21764
28197
58347
60374
46314
10647
551
63316
45201
54321
19337
43678
28917
27572
51636
15935
33245
59189
30398
37641
25437
33180
47265
36833
29607
9421
49585
23209
21982
64640
55398
37863
16001
32601
52501
27692
33180
41711
23013
24670
33429
7348
62424
10335
44928
29232
51720
20803
35443
40687
40438
41630
18620
29282
33714
48299
12923
45980
59026
58510
29368
4353
52668
11133
18893
58993
59079
40784
48863
47574
25375
64776
49857
48233
63952
4728
52227
45684
6784
8692
62040
60579
31361
56196
29790
53439
435
59725
61232
9371
52521
21150
51284
33071
35074
45229
55780
9610
1111
5090
9098
46513
18737
42697
31198
12547
4638
22128
7931
49777
34469
46559
8969
43804
17103
48386
3
57836
54040
6598
18927
37050
45388
24031
35241
5633
5821
7082
34089
57538
32855
55882
49816
24566
55510
60331
64554
24416
59291
32725
22396
54690
55035
38637
27861
10897
36418
38970
48843
60973
55731
42700
609
28573
16470
16016
10279
32018
15376
3142
12668
12621
51011
19224
36573
13925
52076
39122
44719
30435
37181
10464
64558
17280
31620
27691
23925
27700
56919
45828
9072
25481
60035
27856
51081
62325
23950
35148
1838
20371
55233
5941
17752
59778
32549
42600
17349
40505
32580
44537
33185
58811
17660
25621
61765
12015
17230
7045
27563
36551
1233
33751
52096
14713
11389
41977
64672
46539
25496
17704
29830
31292
36935
56398
28138
18929
52292
3140
13069
38998
40169
14839
40883
56897
51133
40678
33662
52918
41213
62602
30680
60459
59109
34471
12180
5531
42067
57647
62188
13654
25304
47834
26075
34365
20180
26059
31277
42866
13004
19971
30588
30336
10601
41025
53878
60735
6718
32083
30740
55021
64593
25650
41365
26614
7521
10954
63629
45412
27972
49172
6301
42187
56543
31960
31544
17204
1883
20623
51970
33338
38263
6318
3228
4490
34211
51051
7086
8521
58111
11919
41407
33650
37045
45467
62034
28416
61910
22996
31184
210
7903
46607
40100
35506
31958
10363
50815
21017
19874
15715
55372
36331
53562
63587
19320
135
55948
45227
944
17167
5419
47778
31403
50006
22728
17356
23788
10232
14534
6018
53369
39453
57299
36420
1936
45620
19683
24606
55269
4405
14145
2879
19209
10919
30189
46259
19535
20738
29310
63577
7356
40618
21634
51463
17265
1365
34532
61562
37448
21751
35018
47764
10141
56938
42422
3744
18791
60656
59548
32327
36714
26899
2743
23173
11370
53024
7155
34310
44375
16423
32635
49012
15187
56819
38469
24658
10007
9541
2730
54215
10988
26127
20155
16051
41342
25468
8653
17877
48253
9677
11368
33217
13139
64112
15212
55622
43507
58285
55017
41982
15984
29949
52866
32289
58261
29649
32542
7889
58370
64135
41869
12549
42396
15583
16098
12114
26057
7785
56028
605
40275
17610
57838
45764
19365
11566
12991
55430
61070
36441
17740
44249
4576
15252
59340
16176
27545
6287
65035
27692
31222
1916
91
56438
47856
8485
41756
43921
21709
53064
62442
62075
30573
25552
59773
33043
49825
41031
26127
43641
37033
61434
48419
26064
29198
16694
7200
50330
21191
55083
42055
9227
23820
51699
27590
44564
34291
26191
1542
798
57272
11748
8206
60738
1840
54405
24696
6945
51769
31423
14788
18889
5455
21051
5549
21629
15420
20895
65306
5384
20021
11177
14902
14772
44465
11423
34288
32075
440
16909
47912
27668
34252
22386
17210
58511
4278
30498
17597
15920
1679
7572
12635
51673
2114
50869
36358
45370
8256
38181
52850
62033
35324
45670
4429
54446
62872
39303
35571
9664
23542
21476
50206
20966
30368
64827
16386
20
43951
57915
5394
49014
32107
46769
60527
4097
10517
46846
20691
12933
17724
53237
17994
47358
40854
59495
37628
26214
59838
11640
42604
5396
40098
24001
37570
48437
55637
54360
29286
24913
33846
56220
61069
20030
51897
13537
28865
21975
11591
58812
5358
12640
54110
8764
25207
10441
49463
31920
35994
14541
45403
35959
54277
57760
8843
44422
10327
21693
14544
50778
22433
4254
37035
41492
42752
61192
6654
7361
16712
62573
38748
24758
23309
42678
58004
51552
36040
38438
39459
45713
47181
62972
12770
55092
52481
27199
29935
47011
4529
30512
38136
25349
58093
37671
48275
34888
25695
44973
25816
48816
49715
63636
8949
58343
51309
33209
20040
25131
47188
1212
25617
21753
756
43221
57336
16763
33472
65288
59931
25251
49249
60953
39147
4859
65360
43505
2152
24711
12592
5250
30322
19907
27128
28
17902
11662
7806
55111
60957
11269
59844
43759
45436
47819
3860
46758
38254
51621
42577
4888
41729
33728
49373
47554
30268
35696
48740
47580
40574
14749
3567
48760
13315
22453
16223
57371
18038
49988
20360
27212
45988
52511
44185
24154
27904
23598
29885
20940
60478
37133
48373
63308
23506
3187
19886
30225
58665
736
46118
23716
23763
60575
65404
51775
43588
7645
9350
37930
26152
43018
12379
3363
11544
6055
62842
26969
36281
30941
15992
58706
40577
21888
16814
7689
37274
26890
49044
55404
51673
42684
65466
39652
21489
64452
39556
26725
24557
20250
28404
63146
41512
33628
18165
23542
60698
20478
61819
18824
147
20350
9007
63893
27499
35759
21445
26620
31961
36917
23221
50844
65174
53789
33078
20246
47809
16947
35818
11902
27950
41675
19609
49667
34872
47428
13869
20516
22377
29667
17002
55104
18093
26095
64794
4581
325
39585
29271
63963
24862
17309
63685
34480
49922
34168
48242
12695
55150
62679
40497
41281
55336
54460
30177
23274
41177
62317
18015
11425
21147
685
10262
22050
18607
25242
64932
810
27752
47141
50398
6953
45471
369
4144
34776
20565
40782
59593
3496
23859
29741
48105
30637
46697
33307
44214
58271
61021
39729
35602
17241
24282
50805
5788
61074
57125
63175
7769
17282
35636
58949
28860
40437
35540
9981
38980
17490
4761
21984
44521
40819
48961
28446
28436
5928
37730
26476
34962
6194
265
50351
9636
5006
37275
7757
14766
4156
36822
23023
20174
45795
1806
37303
31682
20383
273
50231
19035
48194
1759
29149
3484
39687
63633
54983
23958
51362
39912
32627
3970
29637
8232
2781
9463
16706
63065
18802
25823
15764
36
54797
57229
23746
21077
20816
48060
62106
50209
41045
49158
2458
48763
51738
64146
23647
18624
9044
17047
9915
3750
33584
39989
7883
2089
56468
33302
58767
